rad 1019.3 557 1762.5 0
rad 1019.3 557 1762.5 0
rad 1019.3 557 1762.5 0
rad 1019.3 557 1762.5 0
rad 1019.3 557 1762.5 0
rad 1019.3 557 1762.5 0
rad 1019.3 557 1762.5 0
rad 1019.3 557 1762.5 0
rad 1019.3 557 1762.5 0
rad 1019.3 557 1762.5 0
rad 1019.3 557 1762.5 0
rad 1019.3 557 1762.5 0
NUu405c00 1019.3 557 1762.5 0
NUu455c50 1019.3 557 1762.5 0
NUu405c00 1019.3 557 1762.5 0
rad 1019.3 557 1762.5 0
rad 1019.3 557 1762.5 0
rad 1019.3 557 1762.5 0
rad 1019.3 557 1762.5 0
rad 1019.3 557 1762.5 0
NUu405c00 1019.3 557 1762.5 0
NUu455c50 1019.3 557 1762.5 0
NUu405c00 1019.3 557 1762.5 0
NUu455c50 1019.3 557 1762.5 0
NUu405c00 1019.3 557 1762.5 0
rad 1019.3 557 1762.5 0
rad 1019.3 557 1762.5 0
rad 1019.3 557 1762.5 0
NUu405c00 1019.3 557 1762.5 0
NUu455c50 1019.3 557 1762.5 0
NUu405c00 1019.3 557 1762.5 0
NUu455c50 1019.3 557 1762.5 0
NUu405c00 1019.3 557 1762.5 0
NUu455c50 1019.3 557 1762.5 0
NUu405c00 1019.3 557 1762.5 0
rad 1019.3 557 1762.5 0
rad 1019.3 557 1762.5 0
NUu455c50 1019.3 557 1762.5 0
NUu405c00 1019.3 557 1762.5 0
NUu455c50 1019.3 557 1762.5 0
NUu405c00 1019.3 557 1762.5 0
NUu455c50 1019.3 557 1762.5 0
NUu405c00 1019.3 557 1762.5 0
NUu455c50 1019.3 557 1762.5 0
rad 1019.3 557 1762.5 0
rad 1019.3 557 1762.5 0
NUu405c00 1019.3 557 1762.5 0
NUu455c50 1019.3 557 1762.5 0
NUu405c00 1019.3 557 1762.5 0
NUu455c50 1019.3 557 1762.5 0
NUu405c00 1019.3 557 1762.5 0
NUu455c50 1019.3 557 1762.5 0
NUu405c00 1019.3 557 1762.5 0
rad 1019.3 557 1762.5 0
rad 1019.3 557 1762.5 0
rad 1019.3 557 1762.5 0
NUu405c00 1019.3 557 1762.5 0
NUu455c50 1019.3 557 1762.5 0
NUu405c00 1019.3 557 1762.5 0
NUu455c50 1019.3 557 1762.5 0
NUu405c00 1019.3 557 1762.5 0
rad 1019.3 557 1762.5 0
rad 1019.3 557 1762.5 0
rad 1019.3 557 1762.5 0
rad 1019.3 557 1762.5 0
rad 1019.3 557 1762.5 0
NUu405c00 1019.3 557 1762.5 0
NUu455c50 1019.3 557 1762.5 0
NUu405c00 1019.3 557 1762.5 0
rad 1019.3 557 1762.5 0
rad 1019.3 557 1762.5 0
rad 1019.3 557 1762.5 0
rad 1019.3 557 1762.5 0
rad 1019.3 557 1762.5 0
rad 1019.3 557 1762.5 0
rad 1019.3 557 1762.5 0
rad 1019.3 557 1762.5 0
rad 1019.3 557 1762.5 0
rad 1019.3 557 1762.5 0
rad 1019.3 557 1762.5 0
rad 1019.3 557 1762.5 0
