rad 1019.3 557 1724.8046875 0
rad 1019.3 557 1724.8046875 0
rad 1019.3 557 1724.8046875 0
rad 1019.3 557 1724.8046875 0
rad 1019.3 557 1724.8046875 0
rad 1019.3 557 1724.8046875 0
rad 1019.3 557 1724.8046875 0
rad 1019.3 557 1724.8046875 0
rad 1019.3 557 1724.8046875 0
rad 1019.3 557 1724.8046875 0
rad 1019.3 557 1724.8046875 0
rad 1019.3 557 1724.8046875 0
NUu260c00 1019.3 557 1724.8046875 0
NUu260c00 1019.3 557 1724.8046875 0
NUu260c00 1019.3 557 1724.8046875 0
rad 1019.3 557 1724.8046875 0
rad 1019.3 557 1724.8046875 0
rad 1019.3 557 1724.8046875 0
rad 1019.3 557 1724.8046875 0
rad 1019.3 557 1724.8046875 0
NUu260c00 1019.3 557 1724.8046875 0
NUu260c00 1019.3 557 1724.8046875 0
NUu260c00 1019.3 557 1724.8046875 0
NUu260c00 1019.3 557 1724.8046875 0
NUu260c00 1019.3 557 1724.8046875 0
rad 1019.3 557 1724.8046875 0
rad 1019.3 557 1724.8046875 0
rad 1019.3 557 1724.8046875 0
NUu260c00 1019.3 557 1724.8046875 0
NUu260c00 1019.3 557 1724.8046875 0
NUu260c00 1019.3 557 1724.8046875 0
NUu260c00 1019.3 557 1724.8046875 0
NUu260c00 1019.3 557 1724.8046875 0
NUu260c00 1019.3 557 1724.8046875 0
NUu260c00 1019.3 557 1724.8046875 0
rad 1019.3 557 1724.8046875 0
rad 1019.3 557 1724.8046875 0
NUu260c00 1019.3 557 1724.8046875 0
NUu260c00 1019.3 557 1724.8046875 0
NUu260c00 1019.3 557 1724.8046875 0
NUu260c00 1019.3 557 1724.8046875 0
NUu260c00 1019.3 557 1724.8046875 0
NUu260c00 1019.3 557 1724.8046875 0
NUu260c00 1019.3 557 1724.8046875 0
rad 1019.3 557 1724.8046875 0
rad 1019.3 557 1724.8046875 0
NUu260c00 1019.3 557 1724.8046875 0
NUu260c00 1019.3 557 1724.8046875 0
NUu260c00 1019.3 557 1724.8046875 0
NUu260c00 1019.3 557 1724.8046875 0
NUu260c00 1019.3 557 1724.8046875 0
NUu260c00 1019.3 557 1724.8046875 0
NUu260c00 1019.3 557 1724.8046875 0
rad 1019.3 557 1724.8046875 0
rad 1019.3 557 1724.8046875 0
rad 1019.3 557 1724.8046875 0
NUu260c00 1019.3 557 1724.8046875 0
NUu260c00 1019.3 557 1724.8046875 0
NUu260c00 1019.3 557 1724.8046875 0
NUu260c00 1019.3 557 1724.8046875 0
NUu260c00 1019.3 557 1724.8046875 0
rad 1019.3 557 1724.8046875 0
rad 1019.3 557 1724.8046875 0
rad 1019.3 557 1724.8046875 0
rad 1019.3 557 1724.8046875 0
rad 1019.3 557 1724.8046875 0
NUu260c00 1019.3 557 1724.8046875 0
NUu260c00 1019.3 557 1724.8046875 0
NUu260c00 1019.3 557 1724.8046875 0
rad 1019.3 557 1724.8046875 0
rad 1019.3 557 1724.8046875 0
rad 1019.3 557 1724.8046875 0
rad 1019.3 557 1724.8046875 0
rad 1019.3 557 1724.8046875 0
rad 1019.3 557 1724.8046875 0
rad 1019.3 557 1724.8046875 0
rad 1019.3 557 1724.8046875 0
rad 1019.3 557 1724.8046875 0
rad 1019.3 557 1724.8046875 0
rad 1019.3 557 1724.8046875 0
rad 1019.3 557 1724.8046875 0
