rad 1019.3 557 600 0
rad 1019.3 557 600 0
rad 1019.3 557 600 0
rad 1019.3 557 600 0
rad 1019.3 557 600 0
rad 1019.3 557 600 0
rad 1019.3 557 600 0
rad 1019.3 557 600 0
rad 1019.3 557 600 0
rad 1019.3 557 600 0
rad 1019.3 557 600 0
rad 1019.3 557 600 0
NUu405c00 1019.3 557 600 0
NUu455c50 1019.3 557 600 15
NUu405c00 1019.3 557 600 0
rad 1019.3 557 600 0
rad 1019.3 557 600 0
rad 1019.3 557 600 0
rad 1019.3 557 600 0
rad 1019.3 557 600 0
NUu455c50 1019.3 557 600 0
NUu405c00 1019.3 557 600 15
NUu405c00 1019.3 557 600 30
NUu405c00 1019.3 557 600 15
NUu455c50 1019.3 557 600 0
rad 1019.3 557 600 0
rad 1019.3 557 600 0
rad 1019.3 557 600 0
NUu405c00 1019.3 557 600 0
NUu405c00 1019.3 557 600 15
NUu455c50 1019.3 557 600 30
NUu405c00 1019.3 557 600 30
NUu455c50 1019.3 557 600 30
NUu405c00 1019.3 557 600 15
NUu405c00 1019.3 557 600 0
rad 1019.3 557 600 0
rad 1019.3 557 600 0
NUu455c50 1019.3 557 600 15
NUu405c00 1019.3 557 600 30
NUu405c00 1019.3 557 600 30
NUu260c00 1019.3 557 600 0
NUu405c00 1019.3 557 600 30
NUu405c00 1019.3 557 600 30
NUu455c50 1019.3 557 600 15
rad 1019.3 557 600 0
rad 1019.3 557 600 0
NUu405c00 1019.3 557 600 0
NUu405c00 1019.3 557 600 15
NUu455c50 1019.3 557 600 30
NUu405c00 1019.3 557 600 30
NUu455c50 1019.3 557 600 30
NUu405c00 1019.3 557 600 15
NUu405c00 1019.3 557 600 0
rad 1019.3 557 600 0
rad 1019.3 557 600 0
rad 1019.3 557 600 0
NUu455c50 1019.3 557 600 0
NUu405c00 1019.3 557 600 15
NUu405c00 1019.3 557 600 30
NUu405c00 1019.3 557 600 15
NUu455c50 1019.3 557 600 0
rad 1019.3 557 600 0
rad 1019.3 557 600 0
rad 1019.3 557 600 0
rad 1019.3 557 600 0
rad 1019.3 557 600 0
NUu405c00 1019.3 557 600 0
NUu455c50 1019.3 557 600 15
NUu405c00 1019.3 557 600 0
rad 1019.3 557 600 0
rad 1019.3 557 600 0
rad 1019.3 557 600 0
rad 1019.3 557 600 0
rad 1019.3 557 600 0
rad 1019.3 557 600 0
rad 1019.3 557 600 0
rad 1019.3 557 600 0
rad 1019.3 557 600 0
rad 1019.3 557 600 0
rad 1019.3 557 600 0
rad 1019.3 557 600 0
