rad 1242 557 600 0
rad 1242 557 600 0
rad 1242 557 600 0
rad 1242 557 600 0
rad 1242 557 600 0
rad 1242 557 600 0
rad 1242 557 600 0
rad 1242 557 600 0
rad 1242 557 600 0
rad 1242 557 600 0
rad 1242 557 600 0
rad 1242 557 600 0
NUu250c00 1242 557 600 0
NUu250c00 1242 557 600 0
NUu250c00 1242 557 600 0
rad 1242 557 600 0
rad 1242 557 600 0
rad 1242 557 600 0
rad 1242 557 600 0
rad 1242 557 600 0
NUu250c00 1242 557 600 0
NUu250c00 1242 557 600 0
NUu250c00 1242 557 600 0
NUu250c00 1242 557 600 0
NUu250c00 1242 557 600 0
rad 1242 557 600 0
rad 1242 557 600 0
rad 1242 557 600 0
NUu250c00 1242 557 600 0
NUu250c00 1242 557 600 0
NUu250c00 1242 557 600 0
NUu250c00 1242 557 600 0
NUu250c00 1242 557 600 0
NUu250c00 1242 557 600 0
NUu250c00 1242 557 600 0
rad 1242 557 600 0
rad 1242 557 600 0
NUu250c00 1242 557 600 0
NUu250c00 1242 557 600 0
NUu250c00 1242 557 600 0
NUu250c00 1242 557 600 0
NUu250c00 1242 557 600 0
NUu250c00 1242 557 600 0
NUu250c00 1242 557 600 0
rad 1242 557 600 0
rad 1242 557 600 0
NUu250c00 1242 557 600 0
NUu250c00 1242 557 600 0
NUu250c00 1242 557 600 0
NUu250c00 1242 557 600 0
NUu250c00 1242 557 600 0
NUu250c00 1242 557 600 0
NUu250c00 1242 557 600 0
rad 1242 557 600 0
rad 1242 557 600 0
rad 1242 557 600 0
NUu250c00 1242 557 600 0
NUu250c00 1242 557 600 0
NUu250c00 1242 557 600 0
NUu250c00 1242 557 600 0
NUu250c00 1242 557 600 0
rad 1242 557 600 0
rad 1242 557 600 0
rad 1242 557 600 0
rad 1242 557 600 0
rad 1242 557 600 0
NUu250c00 1242 557 600 0
NUu250c00 1242 557 600 0
NUu250c00 1242 557 600 0
rad 1242 557 600 0
rad 1242 557 600 0
rad 1242 557 600 0
rad 1242 557 600 0
rad 1242 557 600 0
rad 1242 557 600 0
rad 1242 557 600 0
rad 1242 557 600 0
rad 1242 557 600 0
rad 1242 557 600 0
rad 1242 557 600 0
rad 1242 557 600 0
