rad 1019.3 557 750 0
rad 1019.3 557 750 0
rad 1019.3 557 750 0
rad 1019.3 557 750 0
rad 1019.3 557 750 0
rad 1019.3 557 750 0
rad 1019.3 557 750 0
rad 1019.3 557 750 0
rad 1019.3 557 750 0
rad 1019.3 557 750 0
rad 1019.3 557 750 0
rad 1019.3 557 750 0
NUu405c00 1019.3 557 750 0
NUu455c50 1019.3 557 750 17.5
NUu405c00 1019.3 557 750 0
rad 1019.3 557 750 0
rad 1019.3 557 750 0
rad 1019.3 557 750 0
rad 1019.3 557 750 0
rad 1019.3 557 750 0
NUu455c50 1019.3 557 750 0
NUu405c00 1019.3 557 750 17.5
NUu405c00 1019.3 557 750 35
NUu405c00 1019.3 557 750 17.5
NUu455c50 1019.3 557 750 0
rad 1019.3 557 750 0
rad 1019.3 557 750 0
rad 1019.3 557 750 0
NUu405c00 1019.3 557 750 0
NUu405c00 1019.3 557 750 17.5
NUu455c50 1019.3 557 750 35
NUu405c00 1019.3 557 750 35
NUu455c50 1019.3 557 750 35
NUu405c00 1019.3 557 750 17.5
NUu405c00 1019.3 557 750 0
rad 1019.3 557 750 0
rad 1019.3 557 750 0
NUu455c50 1019.3 557 750 17.5
NUu405c00 1019.3 557 750 35
NUu405c00 1019.3 557 750 35
NUu260c00 1019.3 557 750 0
NUu405c00 1019.3 557 750 35
NUu405c00 1019.3 557 750 35
NUu455c50 1019.3 557 750 17.5
rad 1019.3 557 750 0
rad 1019.3 557 750 0
NUu405c00 1019.3 557 750 0
NUu405c00 1019.3 557 750 17.5
NUu455c50 1019.3 557 750 35
NUu405c00 1019.3 557 750 35
NUu455c50 1019.3 557 750 35
NUu405c00 1019.3 557 750 17.5
NUu405c00 1019.3 557 750 0
rad 1019.3 557 750 0
rad 1019.3 557 750 0
rad 1019.3 557 750 0
NUu455c50 1019.3 557 750 0
NUu405c00 1019.3 557 750 17.5
NUu405c00 1019.3 557 750 35
NUu405c00 1019.3 557 750 17.5
NUu455c50 1019.3 557 750 0
rad 1019.3 557 750 0
rad 1019.3 557 750 0
rad 1019.3 557 750 0
rad 1019.3 557 750 0
rad 1019.3 557 750 0
NUu405c00 1019.3 557 750 0
NUu455c50 1019.3 557 750 17.5
NUu405c00 1019.3 557 750 0
rad 1019.3 557 750 0
rad 1019.3 557 750 0
rad 1019.3 557 750 0
rad 1019.3 557 750 0
rad 1019.3 557 750 0
rad 1019.3 557 750 0
rad 1019.3 557 750 0
rad 1019.3 557 750 0
rad 1019.3 557 750 0
rad 1019.3 557 750 0
rad 1019.3 557 750 0
rad 1019.3 557 750 0
