rad 1019.3 557 600 0
rad 1019.3 557 600 0
rad 1019.3 557 600 0
rad 1019.3 557 600 0
rad 1019.3 557 600 0
rad 1019.3 557 600 0
rad 1019.3 557 600 0
rad 1019.3 557 600 0
rad 1019.3 557 600 0
rad 1019.3 557 600 0
rad 1019.3 557 600 0
rad 1019.3 557 600 0
NUu405c00 1019.3 557 600 0
NUu450c50 1019.3 557 600 0
NUu405c00 1019.3 557 600 0
rad 1019.3 557 600 0
rad 1019.3 557 600 0
rad 1019.3 557 600 0
rad 1019.3 557 600 0
rad 1019.3 557 600 0
NUu450c50 1019.3 557 600 0
NUu405c00 1019.3 557 600 0
NUu450c50 1019.3 557 600 0
NUu405c00 1019.3 557 600 0
NUu450c50 1019.3 557 600 0
rad 1019.3 557 600 0
rad 1019.3 557 600 0
rad 1019.3 557 600 0
NUu405c00 1019.3 557 600 0
NUu450c50 1019.3 557 600 0
NUu405c00 1019.3 557 600 0
NUu450c50 1019.3 557 600 0
NUu405c00 1019.3 557 600 0
NUu450c50 1019.3 557 600 0
NUu405c00 1019.3 557 600 0
rad 1019.3 557 600 0
rad 1019.3 557 600 0
NUu450c50 1019.3 557 600 0
NUu405c00 1019.3 557 600 0
NUu450c50 1019.3 557 600 0
NUu405c00 1019.3 557 600 0
NUu450c50 1019.3 557 600 0
NUu405c00 1019.3 557 600 0
NUu450c50 1019.3 557 600 0
rad 1019.3 557 600 0
rad 1019.3 557 600 0
NUu405c00 1019.3 557 600 0
NUu450c50 1019.3 557 600 0
NUu405c00 1019.3 557 600 0
NUu450c50 1019.3 557 600 0
NUu405c00 1019.3 557 600 0
NUu450c50 1019.3 557 600 0
NUu405c00 1019.3 557 600 0
rad 1019.3 557 600 0
rad 1019.3 557 600 0
rad 1019.3 557 600 0
NUu450c50 1019.3 557 600 0
NUu405c00 1019.3 557 600 0
NUu450c50 1019.3 557 600 0
NUu405c00 1019.3 557 600 0
NUu450c50 1019.3 557 600 0
rad 1019.3 557 600 0
rad 1019.3 557 600 0
rad 1019.3 557 600 0
rad 1019.3 557 600 0
rad 1019.3 557 600 0
NUu405c00 1019.3 557 600 0
NUu450c50 1019.3 557 600 0
NUu405c00 1019.3 557 600 0
rad 1019.3 557 600 0
rad 1019.3 557 600 0
rad 1019.3 557 600 0
rad 1019.3 557 600 0
rad 1019.3 557 600 0
rad 1019.3 557 600 0
rad 1019.3 557 600 0
rad 1019.3 557 600 0
rad 1019.3 557 600 0
rad 1019.3 557 600 0
rad 1019.3 557 600 0
rad 1019.3 557 600 0
